 variables="x","delta"
      0.000000000000000000E+00      0.000000000000000000E+00
      0.400000000000000008E-02      0.186597008537465239E-04
      0.800000000000000017E-02      0.263888020171931554E-04
      0.120000000000000002E-01      0.323195499327253412E-04
      0.160000000000000003E-01      0.373194017074930477E-04
      0.200000000000000004E-01      0.417243595487880905E-04
      0.240000000000000005E-01      0.457067458446546248E-04
      0.280000000000000006E-01      0.493689279978729283E-04
      0.320000000000000007E-01      0.527776040343863107E-04
      0.360000000000000042E-01      0.559791025612395784E-04
      0.400000000000000008E-01      0.590071551552274782E-04
      0.439999999999999974E-01      0.618872264321515515E-04
      0.480000000000000010E-01      0.646390998654506824E-04
      0.520000000000000046E-01      0.672785082130022825E-04
      0.560000000000000012E-01      0.698182075344127114E-04
      0.599999999999999978E-01      0.722687106517726105E-04
      0.640000000000000013E-01      0.746388034149860955E-04
      0.680000000000000049E-01      0.769359175624249739E-04
      0.720000000000000084E-01      0.791664060515794797E-04
      0.759999999999999981E-01      0.813357503381807414E-04
      0.800000000000000017E-01      0.834487190975761811E-04
      0.840000000000000052E-01      0.855094916075255592E-04
      0.879999999999999949E-01      0.875217549580033981E-04
      0.919999999999999984E-01      0.894887815699828537E-04
      0.960000000000000020E-01      0.914134916893092497E-04
      0.100000000000000006E+00      0.932985042687326329E-04
      0.104000000000000009E+00      0.951461787710574872E-04
      0.107999999999999999E+00      0.969586497981760168E-04
      0.112000000000000002E+00      0.987378559957458567E-04
      0.116000000000000006E+00      0.100485564349253457E-03
      0.119999999999999996E+00      0.102203390738953790E-03
      0.123999999999999999E+00      0.103892817434558831E-03
      0.128000000000000003E+00      0.105555208068772621E-03
      0.132000000000000006E+00      0.107191820520006063E-03
      0.136000000000000010E+00      0.108803818050399767E-03
      0.140000000000000013E+00      0.110392278979536476E-03
      0.144000000000000017E+00      0.111958205122479157E-03
      0.147999999999999993E+00      0.113502529179743074E-03
      0.151999999999999996E+00      0.115026121234047249E-03
      0.156000000000000000E+00      0.116529794482359928E-03
      0.160000000000000003E+00      0.118014310310454956E-03
      0.164000000000000007E+00      0.119480382799870810E-03
      0.168000000000000010E+00      0.120928682742991013E-03
      0.172000000000000014E+00      0.122359841230308420E-03
      0.175999999999999990E+00      0.123774452864303103E-03
      0.179999999999999993E+00      0.125173078646364285E-03
      0.183999999999999997E+00      0.126556248576513214E-03
      0.188000000000000000E+00      0.127924464000094657E-03
      0.192000000000000004E+00      0.129278199730901365E-03
      0.196000000000000008E+00      0.130617905976225681E-03
      0.200000000000000011E+00      0.131944010085965777E-03
      0.204000000000000015E+00      0.133256918145050737E-03
      0.208000000000000018E+00      0.134557016426004565E-03
      0.211999999999999994E+00      0.135844672716376212E-03
      0.215999999999999998E+00      0.137120237533963868E-03
      0.220000000000000001E+00      0.138384045241212627E-03
      0.224000000000000005E+00      0.139636415068825423E-03
      0.228000000000000008E+00      0.140877652057466534E-03
      0.232000000000000012E+00      0.142108047925428602E-03
      0.236000000000000015E+00      0.143327881869255360E-03
      0.239999999999999991E+00      0.144537421303545221E-03
      0.243999999999999995E+00      0.145736922545488938E-03
      0.247999999999999998E+00      0.146926631449105049E-03
      0.252000000000000002E+00      0.148106783993618785E-03
      0.256000000000000005E+00      0.149277606829972191E-03
      0.260000000000000009E+00      0.150439317789051002E-03
      0.264000000000000012E+00      0.151592126354855217E-03
      0.268000000000000016E+00      0.152736234105524838E-03
      0.272000000000000020E+00      0.153871835124849948E-03
      0.276000000000000023E+00      0.154999116386643661E-03
      0.280000000000000027E+00      0.156118258114134814E-03
      0.284000000000000030E+00      0.157229434116334997E-03
      0.288000000000000034E+00      0.158332812103158959E-03
      0.291999999999999982E+00      0.159428553980915021E-03
      0.295999999999999985E+00      0.160516816129640627E-03
      0.299999999999999989E+00      0.161597749663626672E-03
      0.303999999999999992E+00      0.162671500676361483E-03
      0.307999999999999996E+00      0.163738210471016127E-03
      0.312000000000000000E+00      0.164798015777502883E-03
      0.316000000000000003E+00      0.165851048957048791E-03
      0.320000000000000007E+00      0.166897438195152362E-03
      0.324000000000000010E+00      0.167937307683718756E-03
      0.328000000000000014E+00      0.168970777793106346E-03
      0.332000000000000017E+00      0.169997965234759869E-03
      0.336000000000000021E+00      0.171018983215051118E-03
      0.340000000000000024E+00      0.172033941580902153E-03
      0.344000000000000028E+00      0.173042946957720776E-03
      0.348000000000000032E+00      0.174046102880138836E-03
      0.351999999999999980E+00      0.175043509916006796E-03
      0.355999999999999983E+00      0.176035265784065225E-03
      0.359999999999999987E+00      0.177021465465682407E-03
      0.363999999999999990E+00      0.178002201311020609E-03
      0.367999999999999994E+00      0.178977563139965707E-03
      0.371999999999999997E+00      0.179947638338133590E-03
      0.376000000000000001E+00      0.180912511948242593E-03
      0.380000000000000004E+00      0.181872266757123629E-03
      0.384000000000000008E+00      0.182826983378618499E-03
      0.388000000000000012E+00      0.183776740332602917E-03
      0.392000000000000015E+00      0.184721614120352115E-03
      0.396000000000000019E+00      0.185661679296454614E-03
      0.400000000000000022E+00      0.186597008537465266E-03
      0.404000000000000026E+00      0.187527672707475874E-03
      0.408000000000000029E+00      0.188453740920772130E-03
      0.412000000000000033E+00      0.189375280601732207E-03
      0.416000000000000036E+00      0.190292357542114974E-03
      0.419999999999999984E+00      0.191205035955874925E-03
      0.423999999999999988E+00      0.192113378531633578E-03
      0.427999999999999992E+00      0.193017446482928183E-03
      0.431999999999999995E+00      0.193917299596352034E-03
      0.435999999999999999E+00      0.194812996277693608E-03
      0.440000000000000002E+00      0.195704593596174867E-03
      0.444000000000000006E+00      0.196592147326884027E-03
      0.448000000000000009E+00      0.197475711991491713E-03
      0.452000000000000013E+00      0.198355340897334796E-03
      0.456000000000000016E+00      0.199231086174947106E-03
      0.460000000000000020E+00      0.200102998814112002E-03
      0.464000000000000024E+00      0.200971128698506914E-03
      0.468000000000000027E+00      0.201835524639006834E-03
      0.472000000000000031E+00      0.202696234405709780E-03
      0.476000000000000034E+00      0.203553304758743097E-03
      0.479999999999999982E+00      0.204406781477907580E-03
      0.483999999999999986E+00      0.205256709391211776E-03
      0.487999999999999989E+00      0.206103132402347727E-03
      0.491999999999999993E+00      0.206946093517154802E-03
      0.495999999999999996E+00      0.207785634869117662E-03
      0.500000000000000000E+00      0.208621797743940466E-03
      0.504000000000000004E+00      0.209454622603238121E-03
      0.508000000000000007E+00      0.210284149107383322E-03
      0.512000000000000011E+00      0.211110416137545243E-03
      0.516000000000000014E+00      0.211933461816955288E-03
      0.520000000000000018E+00      0.212753323531431938E-03
      0.524000000000000021E+00      0.213570037949197038E-03
      0.528000000000000025E+00      0.214383641040012126E-03
      0.532000000000000028E+00      0.215194168093663893E-03
      0.536000000000000032E+00      0.216001653737825329E-03
      0.540000000000000036E+00      0.216806131955317845E-03
      0.544000000000000039E+00      0.217607636100799535E-03
      0.548000000000000043E+00      0.218406198916901867E-03
      0.552000000000000046E+00      0.219201852549837317E-03
      0.556000000000000050E+00      0.219994628564499110E-03
      0.560000000000000053E+00      0.220784557959072952E-03
      0.564000000000000057E+00      0.221571671179179722E-03
      0.568000000000000060E+00      0.222355998131567966E-03
      0.572000000000000064E+00      0.223137568197372740E-03
      0.576000000000000068E+00      0.223916410244958314E-03
      0.579999999999999960E+00      0.224692552642360120E-03
      0.583999999999999964E+00      0.225466023269341138E-03
      0.587999999999999967E+00      0.226236849529077368E-03
      0.591999999999999971E+00      0.227005058359486147E-03
      0.595999999999999974E+00      0.227770676244210636E-03
      0.599999999999999978E+00      0.228533729223273131E-03
      0.603999999999999981E+00      0.229294242903409223E-03
      0.607999999999999985E+00      0.230052242468094497E-03
      0.611999999999999988E+00      0.230807752687274895E-03
      0.615999999999999992E+00      0.231560797926811361E-03
      0.619999999999999996E+00      0.232311402157648890E-03
      0.623999999999999999E+00      0.233059588964719855E-03
      0.628000000000000003E+00      0.233805381555590985E-03
      0.632000000000000006E+00      0.234548802768862593E-03
      0.636000000000000010E+00      0.235289875082329261E-03
      0.640000000000000013E+00      0.236028620620909913E-03
      0.644000000000000017E+00      0.236765061164354913E-03
      0.648000000000000020E+00      0.237499218154738398E-03
      0.652000000000000024E+00      0.238231112703742650E-03
      0.656000000000000028E+00      0.238960765599741619E-03
      0.660000000000000031E+00      0.239688197314690384E-03
      0.664000000000000035E+00      0.240413428010827359E-03
      0.668000000000000038E+00      0.241136477547194365E-03
      0.672000000000000042E+00      0.241857365485982027E-03
      0.676000000000000045E+00      0.242576111098704851E-03
      0.680000000000000049E+00      0.243292733372212555E-03
      0.684000000000000052E+00      0.244007251014542211E-03
      0.688000000000000056E+00      0.244719682460616840E-03
      0.692000000000000060E+00      0.245430045877794714E-03
      0.696000000000000063E+00      0.246138359171275370E-03
      0.700000000000000067E+00      0.246844639989364642E-03
      0.703999999999999959E+00      0.247548905728606206E-03
      0.707999999999999963E+00      0.248251173538780411E-03
      0.711999999999999966E+00      0.248951460327777492E-03
      0.715999999999999970E+00      0.249649782766347083E-03
      0.719999999999999973E+00      0.250346157292728570E-03
      0.723999999999999977E+00      0.251040600117166093E-03
      0.727999999999999980E+00      0.251733127226311216E-03
      0.731999999999999984E+00      0.252423754387517019E-03
      0.735999999999999988E+00      0.253112497153026427E-03
      0.739999999999999991E+00      0.253799370864058946E-03
      0.743999999999999995E+00      0.254484390654797219E-03
      0.747999999999999998E+00      0.255167571456278014E-03
      0.752000000000000002E+00      0.255848928000189314E-03
      0.756000000000000005E+00      0.256528474822576664E-03
      0.760000000000000009E+00      0.257206226267461639E-03
      0.764000000000000012E+00      0.257882196490374232E-03
      0.768000000000000016E+00      0.258556399461802729E-03
      0.772000000000000020E+00      0.259228848970562272E-03
      0.776000000000000023E+00      0.259899558627085629E-03
      0.780000000000000027E+00      0.260568541866636715E-03
      0.784000000000000030E+00      0.261235811952451361E-03
      0.788000000000000034E+00      0.261901381978804800E-03
      0.792000000000000037E+00      0.262565264874010235E-03
      0.796000000000000041E+00      0.263227473403348361E-03
      0.800000000000000044E+00      0.263888020171931554E-03
      0.804000000000000048E+00      0.264546917627503440E-03
      0.808000000000000052E+00      0.265204178063175265E-03
      0.812000000000000055E+00      0.265859813620102623E-03
      0.816000000000000059E+00      0.266513836290101474E-03
      0.820000000000000062E+00      0.267166257918207784E-03
      0.824000000000000066E+00      0.267817090205180186E-03
      0.828000000000000069E+00      0.268466344709948602E-03
      0.832000000000000073E+00      0.269114032852009130E-03
      0.835999999999999965E+00      0.269760165913767824E-03
      0.839999999999999969E+00      0.270404755042833616E-03
      0.843999999999999972E+00      0.271047811254262235E-03
      0.847999999999999976E+00      0.271689345432752423E-03
      0.851999999999999980E+00      0.272329368334795635E-03
      0.855999999999999983E+00      0.272967890590780095E-03
      0.859999999999999987E+00      0.273604922707051056E-03
      0.863999999999999990E+00      0.274240475067927736E-03
      0.867999999999999994E+00      0.274874557937678193E-03
      0.871999999999999997E+00      0.275507181462453601E-03
      0.876000000000000001E+00      0.276138355672182235E-03
      0.880000000000000004E+00      0.276768090482425253E-03
      0.884000000000000008E+00      0.277396395696193651E-03
      0.888000000000000012E+00      0.278023281005729012E-03
      0.892000000000000015E+00      0.278648755994247827E-03
      0.896000000000000019E+00      0.279272830137650846E-03
      0.900000000000000022E+00      0.279895512806197899E-03
      0.904000000000000026E+00      0.280516813266149488E-03
      0.908000000000000029E+00      0.281136740681375743E-03
      0.912000000000000033E+00      0.281755304114933067E-03
      0.916000000000000036E+00      0.282372512530610373E-03
      0.920000000000000040E+00      0.282988374794444580E-03
      0.924000000000000044E+00      0.283602899676206296E-03
      0.928000000000000047E+00      0.284216095850857203E-03
      0.932000000000000051E+00      0.284827971899978549E-03
      0.936000000000000054E+00      0.285438536313172421E-03
      0.940000000000000058E+00      0.286047797489436353E-03
      0.944000000000000061E+00      0.286655763738510720E-03
      0.948000000000000065E+00      0.287262443282201786E-03
      0.952000000000000068E+00      0.287867844255678361E-03
      0.956000000000000072E+00      0.288471974708744974E-03
      0.959999999999999964E+00      0.289074842607090442E-03
      0.963999999999999968E+00      0.289676455833513347E-03
      0.967999999999999972E+00      0.290276822189124736E-03
      0.971999999999999975E+00      0.290875949394528064E-03
      0.975999999999999979E+00      0.291473845090977875E-03
      0.979999999999999982E+00      0.292070516841516647E-03
      0.983999999999999986E+00      0.292665972132091193E-03
      0.987999999999999989E+00      0.293260218372648138E-03
      0.991999999999999993E+00      0.293853262898210099E-03
      0.995999999999999996E+00      0.294445112969931807E-03
      0.100000000000000000E+01      0.295035775776137364E-03
      0.100400000000000000E+01      0.295625258433339063E-03
      0.100800000000000001E+01      0.296213567987237570E-03
      0.101200000000000001E+01      0.296800711413704589E-03
      0.101600000000000001E+01      0.297386695619747691E-03
      0.102000000000000002E+01      0.297971527444458617E-03
      0.102400000000000002E+01      0.298555213659944382E-03
      0.102800000000000002E+01      0.299137760972242297E-03
      0.103200000000000003E+01      0.299719176022218660E-03
      0.103600000000000003E+01      0.300299465386452160E-03
      0.104000000000000004E+01      0.300878635578102004E-03
      0.104400000000000004E+01      0.301456693047760370E-03
      0.104800000000000004E+01      0.302033644184290979E-03
      0.105200000000000005E+01      0.302609495315652984E-03
      0.105600000000000005E+01      0.303184252709710433E-03
      0.106000000000000005E+01      0.303757922575028185E-03
      0.106400000000000006E+01      0.304330511061655026E-03
      0.106800000000000006E+01      0.304902024261892153E-03
      0.107200000000000006E+01      0.305472468211049676E-03
      0.107600000000000007E+01      0.306041848888190596E-03
      0.108000000000000007E+01      0.306610172216861398E-03
      0.108400000000000007E+01      0.307177444065811415E-03
      0.108800000000000008E+01      0.307743670249699896E-03
      0.109200000000000008E+01      0.308308856529791134E-03
      0.109600000000000009E+01      0.308873008614638607E-03
      0.110000000000000009E+01      0.309436132160757771E-03
      0.110400000000000009E+01      0.309998232773287322E-03
      0.110800000000000010E+01      0.310559316006640742E-03
      0.111200000000000010E+01      0.311119387365146145E-03
      0.111600000000000010E+01      0.311678452303676520E-03
      0.112000000000000011E+01      0.312236516228269628E-03
      0.112400000000000011E+01      0.312793584496737697E-03
      0.112800000000000011E+01      0.313349662419267806E-03
      0.113200000000000012E+01      0.313904755259012281E-03
      0.113600000000000012E+01      0.314458868232669994E-03
      0.114000000000000012E+01      0.315012006511058279E-03
      0.114400000000000013E+01      0.315564175219675957E-03
      0.114800000000000013E+01      0.316115379439257363E-03
      0.115200000000000014E+01      0.316665624206317919E-03
      0.115599999999999992E+01      0.317214914513690919E-03
      0.115999999999999992E+01      0.317763255311056300E-03
      0.116399999999999992E+01      0.318310651505460725E-03
      0.116799999999999993E+01      0.318857107961830041E-03
      0.117199999999999993E+01      0.319402629503473968E-03
      0.117599999999999993E+01      0.319947220912582340E-03
      0.117999999999999994E+01      0.320490886930714571E-03
      0.118399999999999994E+01      0.321033632259281254E-03
      0.118799999999999994E+01      0.321575461560018175E-03
      0.119199999999999995E+01      0.322116379455453987E-03
      0.119599999999999995E+01      0.322656390529370014E-03
      0.119999999999999996E+01      0.323195499327253344E-03
      0.120399999999999996E+01      0.323733710356743573E-03
      0.120799999999999996E+01      0.324271028088072178E-03
      0.121199999999999997E+01      0.324807456954495654E-03
      0.121599999999999997E+01      0.325343001352722966E-03
      0.121999999999999997E+01      0.325877665643334910E-03
      0.122399999999999998E+01      0.326411454151199316E-03
      0.122799999999999998E+01      0.326944371165878596E-03
      0.123199999999999998E+01      0.327476420942032255E-03
      0.123599999999999999E+01      0.328007607699813003E-03
      0.123999999999999999E+01      0.328537935625257340E-03
      0.124399999999999999E+01      0.329067408870670501E-03
      0.124800000000000000E+01      0.329596031555005767E-03
      0.125200000000000000E+01      0.330123807764238131E-03
      0.125600000000000001E+01      0.330650741551733037E-03
      0.126000000000000001E+01      0.331176836938609429E-03
      0.126400000000000001E+01      0.331702097914097582E-03
      0.126800000000000002E+01      0.332226528435892511E-03
      0.127200000000000002E+01      0.332750132430501390E-03
      0.127600000000000002E+01      0.333272913793586714E-03
      0.128000000000000003E+01      0.333794876390304724E-03
      0.128400000000000003E+01      0.334316024055638316E-03
      0.128800000000000003E+01      0.334836360594726093E-03
      0.129200000000000004E+01      0.335355889783186493E-03
      0.129600000000000004E+01      0.335874615367437511E-03
      0.130000000000000004E+01      0.336392541065011399E-03
      0.130400000000000005E+01      0.336909670564866203E-03
      0.130800000000000005E+01      0.337426007527691894E-03
      0.131200000000000006E+01      0.337941555586212692E-03
      0.131600000000000006E+01      0.338456318345485498E-03
      0.132000000000000006E+01      0.338970299383193599E-03
      0.132400000000000007E+01      0.339483502249937348E-03
      0.132800000000000007E+01      0.339995930469519738E-03
      0.133200000000000007E+01      0.340507587539229221E-03
      0.133600000000000008E+01      0.341018476930117585E-03
      0.134000000000000008E+01      0.341528602087275341E-03
      0.134400000000000008E+01      0.342037966430102237E-03
      0.134800000000000009E+01      0.342546573352575049E-03
      0.135200000000000009E+01      0.343054426223511047E-03
      0.135600000000000009E+01      0.343561528386828689E-03
      0.136000000000000010E+01      0.344067883161804306E-03
      0.136400000000000010E+01      0.344573493843325536E-03
      0.136800000000000010E+01      0.345078363702141719E-03
      0.137200000000000011E+01      0.345582495985110553E-03
      0.137600000000000011E+01      0.346085893915441551E-03
      0.138000000000000012E+01      0.346588560692936791E-03
      0.138400000000000012E+01      0.347090499494228245E-03
      0.138800000000000012E+01      0.347591713473011587E-03
      0.139200000000000013E+01      0.348092205760277672E-03
      0.139600000000000013E+01      0.348591979464540761E-03
      0.140000000000000013E+01      0.349091037672063544E-03
      0.140400000000000014E+01      0.349589383447079837E-03
      0.140799999999999992E+01      0.350087019832013592E-03
      0.141199999999999992E+01      0.350583949847696225E-03
      0.141599999999999993E+01      0.351080176493579984E-03
      0.141999999999999993E+01      0.351575702747949589E-03
      0.142399999999999993E+01      0.352070531568130451E-03
      0.142799999999999994E+01      0.352564665890694779E-03
      0.143199999999999994E+01      0.353058108631664977E-03
      0.143599999999999994E+01      0.353550862686714275E-03
      0.143999999999999995E+01      0.354042930931364815E-03
      0.144399999999999995E+01      0.354534316221183994E-03
      0.144799999999999995E+01      0.355025021391977081E-03
      0.145199999999999996E+01      0.355515049259978733E-03
      0.145599999999999996E+01      0.356004402622041218E-03
      0.145999999999999996E+01      0.356493084255820789E-03
      0.146399999999999997E+01      0.356981096919961615E-03
      0.146799999999999997E+01      0.357468443354277553E-03
      0.147199999999999998E+01      0.357955126279931415E-03
      0.147599999999999998E+01      0.358441148399612402E-03
      0.147999999999999998E+01      0.358926512397711092E-03
      0.148399999999999999E+01      0.359411220940492537E-03
      0.148799999999999999E+01      0.359895276676267179E-03
      0.149199999999999999E+01      0.360378682235559236E-03
      0.149600000000000000E+01      0.360861440231274205E-03
      0.150000000000000000E+01      0.361343553258863012E-03
      0.150400000000000000E+01      0.361825023896485186E-03
      0.150800000000000001E+01      0.362305854705169590E-03
      0.151200000000000001E+01      0.362786048228973040E-03
      0.151600000000000001E+01      0.363265606995137949E-03
      0.152000000000000002E+01      0.363744533514247259E-03
      0.152400000000000002E+01      0.364222830280377474E-03
      0.152800000000000002E+01      0.364700499771250563E-03
      0.153200000000000003E+01      0.365177544448383733E-03
      0.153600000000000003E+01      0.365653966757236999E-03
      0.154000000000000004E+01      0.366129769127359977E-03
      0.154400000000000004E+01      0.366604953972535978E-03
      0.154800000000000004E+01      0.367079523690925179E-03
      0.155200000000000005E+01      0.367553480665205835E-03
      0.155600000000000005E+01      0.368026827262713440E-03
      0.156000000000000005E+01      0.368499565835579289E-03
      0.156400000000000006E+01      0.368971698720866324E-03
      0.156800000000000006E+01      0.369443228240704229E-03
      0.157200000000000006E+01      0.369914156702422518E-03
      0.157600000000000007E+01      0.370384486398682314E-03
      0.158000000000000007E+01      0.370854219607606728E-03
      0.158400000000000007E+01      0.371323358592909227E-03
      0.158800000000000008E+01      0.371791905604021465E-03
      0.159200000000000008E+01      0.372259862876218395E-03
      0.159600000000000009E+01      0.372727232630743280E-03
      0.160000000000000009E+01      0.373194017074930532E-03
      0.160400000000000009E+01      0.373660218402327199E-03
      0.160800000000000010E+01      0.374125838792813310E-03
      0.161200000000000010E+01      0.374590880412721029E-03
      0.161600000000000010E+01      0.375055345414951747E-03
      0.162000000000000011E+01      0.375519235939092801E-03
      0.162400000000000011E+01      0.375982554111532394E-03
      0.162800000000000011E+01      0.376445302045573060E-03
      0.163200000000000012E+01      0.376907481841544259E-03
      0.163600000000000012E+01      0.377369095586913830E-03
      0.164000000000000012E+01      0.377830145356397714E-03
      0.164400000000000013E+01      0.378290633212068756E-03
      0.164800000000000013E+01      0.378750561203464414E-03
      0.165200000000000014E+01      0.379209931367693127E-03
      0.165600000000000014E+01      0.379668745729539695E-03
      0.166000000000000014E+01      0.380127006301569145E-03
      0.166400000000000015E+01      0.380584715084229949E-03
      0.166799999999999993E+01      0.381041874065955884E-03
      0.167199999999999993E+01      0.381498485223266757E-03
      0.167599999999999993E+01      0.381954550520868092E-03
      0.167999999999999994E+01      0.382410071911749850E-03
      0.168399999999999994E+01      0.382865051337283845E-03
      0.168799999999999994E+01      0.383319490727320508E-03
      0.169199999999999995E+01      0.383773392000283972E-03
      0.169599999999999995E+01      0.384226757063267155E-03
      0.169999999999999996E+01      0.384679587812124788E-03
      0.170399999999999996E+01      0.385131886131566056E-03
      0.170799999999999996E+01      0.385583653895245945E-03
      0.171199999999999997E+01      0.386034892965856366E-03
      0.171599999999999997E+01      0.386485605195214848E-03
      0.171999999999999997E+01      0.386935792424354034E-03
      0.172399999999999998E+01      0.387385456483608961E-03
      0.172799999999999998E+01      0.387834599192704067E-03
      0.173199999999999998E+01      0.388283222360839007E-03
      0.173599999999999999E+01      0.388731327786773651E-03
      0.173999999999999999E+01      0.389178917258912332E-03
      0.174399999999999999E+01      0.389625992555387216E-03
      0.174800000000000000E+01      0.390072555444140323E-03
      0.175200000000000000E+01      0.390518607683005658E-03
      0.175600000000000001E+01      0.390964151019789223E-03
      0.176000000000000001E+01      0.391409187192349735E-03
      0.176400000000000001E+01      0.391853717928677015E-03
      0.176800000000000002E+01      0.392297744946970756E-03
      0.177200000000000002E+01      0.392741269955717556E-03
      0.177600000000000002E+01      0.393184294653768055E-03
      0.178000000000000003E+01      0.393626820730412616E-03
      0.178400000000000003E+01      0.394068849865456515E-03
      0.178800000000000003E+01      0.394510383729294314E-03
      0.179200000000000004E+01      0.394951423982983427E-03
      0.179600000000000004E+01      0.395391972278317301E-03
      0.180000000000000004E+01      0.395832030257897358E-03
      0.180400000000000005E+01      0.396271599555204381E-03
      0.180800000000000005E+01      0.396710681794669592E-03
      0.181200000000000006E+01      0.397149278591744307E-03
      0.181600000000000006E+01      0.397587391552969437E-03
      0.182000000000000006E+01      0.398025022276044275E-03
      0.182400000000000007E+01      0.398462172349894211E-03
      0.182800000000000007E+01      0.398898843354738436E-03
      0.183200000000000007E+01      0.399335036862155917E-03
      0.183600000000000008E+01      0.399770754435152184E-03
      0.184000000000000008E+01      0.400205997628224003E-03
      0.184400000000000008E+01      0.400640767987424590E-03
      0.184800000000000009E+01      0.401075067050427254E-03
      0.185200000000000009E+01      0.401508896346589039E-03
      0.185600000000000009E+01      0.401942257397013827E-03
      0.186000000000000010E+01      0.402375151714613971E-03
      0.186400000000000010E+01      0.402807580804172478E-03
      0.186800000000000010E+01      0.403239546162403612E-03
      0.187200000000000011E+01      0.403671049278013668E-03
      0.187600000000000011E+01      0.404102091631760544E-03
      0.188000000000000012E+01      0.404532674696513430E-03
      0.188400000000000012E+01      0.404962799937310812E-03
      0.188800000000000012E+01      0.405392468811419560E-03
      0.189200000000000013E+01      0.405821682768391578E-03
      0.189600000000000013E+01      0.406250443250121755E-03
      0.190000000000000013E+01      0.406678751690903693E-03
      0.190400000000000014E+01      0.407106609517486194E-03
      0.190800000000000014E+01      0.407534018149128662E-03
      0.191200000000000014E+01      0.407960978997655638E-03
      0.191600000000000015E+01      0.408387493467511718E-03
      0.191999999999999993E+01      0.408813562955815161E-03
      0.192399999999999993E+01      0.409239188852411292E-03
      0.192799999999999994E+01      0.409664372539925517E-03
      0.193199999999999994E+01      0.410089115393815525E-03
      0.193599999999999994E+01      0.410513418782423552E-03
      0.193999999999999995E+01      0.410937284067027387E-03
      0.194399999999999995E+01      0.411360712601891603E-03
      0.194799999999999995E+01      0.411783705734317974E-03
      0.195199999999999996E+01      0.412206264804695455E-03
      0.195599999999999996E+01      0.412628391146549673E-03
      0.195999999999999996E+01      0.413050086086592266E-03
      0.196399999999999997E+01      0.413471350944769338E-03
      0.196799999999999997E+01      0.413892187034309604E-03
      0.197199999999999998E+01      0.414312595661772362E-03
      0.197599999999999998E+01      0.414732578127094496E-03
      0.197999999999999998E+01      0.415152135723637907E-03
      0.198399999999999999E+01      0.415571269738235325E-03
      0.198799999999999999E+01      0.415989981451236977E-03
      0.199199999999999999E+01      0.416408272136555642E-03
      0.199600000000000000E+01      0.416826143061712348E-03
      0.200000000000000000E+01      0.417243595487880932E-03
      0.200400000000000000E+01      0.417660630669932438E-03
      0.200800000000000001E+01      0.418077249856479299E-03
      0.201200000000000001E+01      0.418493454289918759E-03
      0.201600000000000001E+01      0.418909245206476241E-03
      0.202000000000000002E+01      0.419324623836248066E-03
      0.202400000000000002E+01      0.419739591403244005E-03
      0.202800000000000002E+01      0.420154149125429401E-03
      0.203200000000000003E+01      0.420568298214766645E-03
      0.203600000000000003E+01      0.420982039877256745E-03
      0.204000000000000004E+01      0.421395375312980265E-03
      0.204400000000000004E+01      0.421808305716137868E-03
      0.204800000000000004E+01      0.422220832275090486E-03
      0.205200000000000005E+01      0.422632956172399601E-03
      0.205600000000000005E+01      0.423044678584866165E-03
      0.206000000000000005E+01      0.423456000683570502E-03
      0.206400000000000006E+01      0.423866923633910576E-03
      0.206800000000000006E+01      0.424277448595640862E-03
      0.207200000000000006E+01      0.424687576722910512E-03
      0.207600000000000007E+01      0.425097309164300917E-03
      0.208000000000000007E+01      0.425506647062863876E-03
      0.208400000000000007E+01      0.425915591556157863E-03
      0.208800000000000008E+01      0.426324143776285805E-03
      0.209200000000000008E+01      0.426732304849931085E-03
      0.209600000000000009E+01      0.427140075898394076E-03
      0.210000000000000009E+01      0.427547458037627864E-03
      0.210400000000000009E+01      0.427954452378274085E-03
      0.210800000000000010E+01      0.428361060025698158E-03
      0.211200000000000010E+01      0.428767282080024252E-03
      0.211600000000000010E+01      0.429173119636170090E-03
      0.212000000000000011E+01      0.429578573783881423E-03
      0.212400000000000011E+01      0.429983645607766134E-03
      0.212800000000000011E+01      0.430388336187327786E-03
      0.213200000000000012E+01      0.430792646596999838E-03
      0.213600000000000012E+01      0.431196577906178325E-03
      0.214000000000000012E+01      0.431600131179255149E-03
      0.214400000000000013E+01      0.432003307475650657E-03
      0.214800000000000013E+01      0.432406107849846221E-03
      0.215200000000000014E+01      0.432808533351416438E-03
      0.215600000000000014E+01      0.433210585025060792E-03
      0.216000000000000014E+01      0.433612263910635690E-03
      0.216400000000000015E+01      0.434013571043185306E-03
      0.216800000000000015E+01      0.434414507452973297E-03
      0.217200000000000015E+01      0.434815074165513158E-03
      0.217600000000000016E+01      0.435215272201599070E-03
      0.218000000000000016E+01      0.435615102577336418E-03
      0.218400000000000016E+01      0.436014566304171339E-03
      0.218800000000000017E+01      0.436413664388921182E-03
      0.219200000000000017E+01      0.436812397833803733E-03
      0.219600000000000017E+01      0.437210767636466813E-03
      0.220000000000000018E+01      0.437608774790017058E-03
      0.220400000000000018E+01      0.438006420283049256E-03
      0.220800000000000018E+01      0.438403705099674635E-03
      0.221200000000000019E+01      0.438800630219549493E-03
      0.221600000000000019E+01      0.439197196617903169E-03
      0.222000000000000020E+01      0.439593405265566281E-03
      0.222400000000000020E+01      0.439989257128998220E-03
      0.222800000000000020E+01      0.440384753170314734E-03
      0.223200000000000021E+01      0.440779894347315148E-03
      0.223600000000000021E+01      0.441174681613509681E-03
      0.224000000000000021E+01      0.441569115918145905E-03
      0.224400000000000022E+01      0.441963198206235574E-03
      0.224800000000000022E+01      0.442356929418581137E-03
      0.225200000000000022E+01      0.442750310491801813E-03
      0.225600000000000023E+01      0.443143342358359445E-03
      0.226000000000000023E+01      0.443536025946584742E-03
      0.226400000000000023E+01      0.443928362180702322E-03
      0.226800000000000024E+01      0.444320351980856409E-03
      0.227200000000000024E+01      0.444711996263135931E-03
      0.227600000000000025E+01      0.445103295939599511E-03
      0.228000000000000025E+01      0.445494251918300348E-03
      0.228400000000000025E+01      0.445884865103310455E-03
      0.228800000000000026E+01      0.446275136394745479E-03
      0.229200000000000026E+01      0.446665066688788613E-03
      0.229600000000000026E+01      0.447054656877714771E-03
      0.230000000000000027E+01      0.447443907849914282E-03
      0.230400000000000027E+01      0.447832820489916627E-03
      0.230799999999999983E+01      0.448221395678413811E-03
      0.231199999999999983E+01      0.448609634292283668E-03
      0.231599999999999984E+01      0.448997537204612904E-03
      0.231999999999999984E+01      0.449385105284720240E-03
      0.232399999999999984E+01      0.449772339398178645E-03
      0.232799999999999985E+01      0.450159240406838369E-03
      0.233199999999999985E+01      0.450545809168849171E-03
      0.233599999999999985E+01      0.450932046538682276E-03
      0.233999999999999986E+01      0.451317953367152979E-03
      0.234399999999999986E+01      0.451703530501441789E-03
      0.234799999999999986E+01      0.452088778785116811E-03
      0.235199999999999987E+01      0.452473699058154736E-03
      0.235599999999999987E+01      0.452858292156962570E-03
      0.235999999999999988E+01      0.453242558914398726E-03
      0.236399999999999988E+01      0.453626500159793895E-03
      0.236799999999999988E+01      0.454010116718972295E-03
      0.237199999999999989E+01      0.454393409414271892E-03
      0.237599999999999989E+01      0.454776379064565541E-03
      0.237999999999999989E+01      0.455159026485280993E-03
      0.238399999999999990E+01      0.455541352488421272E-03
      0.238799999999999990E+01      0.455923357882584630E-03
      0.239199999999999990E+01      0.456305043472984926E-03
      0.239599999999999991E+01      0.456686410061470929E-03
      0.239999999999999991E+01      0.457067458446546262E-03
      0.240399999999999991E+01      0.457448189423388814E-03
      0.240799999999999992E+01      0.457828603783870091E-03
      0.241199999999999992E+01      0.458208702316574513E-03
      0.241599999999999993E+01      0.458588485806818446E-03
      0.241999999999999993E+01      0.458967955036669009E-03
      0.242399999999999993E+01      0.459347110784963050E-03
      0.242799999999999994E+01      0.459725953827325737E-03
      0.243199999999999994E+01      0.460104484936188995E-03
      0.243599999999999994E+01      0.460482704880809876E-03
      0.243999999999999995E+01      0.460860614427289052E-03
      0.244399999999999995E+01      0.461238214338588427E-03
      0.244799999999999995E+01      0.461615505374549789E-03
      0.245199999999999996E+01      0.461992488291911886E-03
      0.245599999999999996E+01      0.462369163844328639E-03
      0.245999999999999996E+01      0.462745532782386706E-03
      0.246399999999999997E+01      0.463121595853622722E-03
      0.246799999999999997E+01      0.463497353802540648E-03
      0.247199999999999998E+01      0.463872807370629167E-03
      0.247599999999999998E+01      0.464247957296378549E-03
      0.247999999999999998E+01      0.464622804315297780E-03
      0.248399999999999999E+01      0.464997349159930982E-03
      0.248799999999999999E+01      0.465371592559874717E-03
      0.249199999999999999E+01      0.465745535241794239E-03
      0.249600000000000000E+01      0.466119177929439710E-03
      0.250000000000000000E+01      0.466492521343663165E-03
      0.250400000000000000E+01      0.466865566202434015E-03
      0.250800000000000001E+01      0.467238313220855910E-03
      0.251200000000000001E+01      0.467610763111181969E-03
      0.251600000000000001E+01      0.467982916582831315E-03
      0.252000000000000002E+01      0.468354774342404415E-03
      0.252400000000000002E+01      0.468726337093698913E-03
      0.252800000000000002E+01      0.469097605537725185E-03
      0.253200000000000003E+01      0.469468580372721519E-03
      0.253600000000000003E+01      0.469839262294169890E-03
      0.254000000000000004E+01      0.470209651994810812E-03
      0.254400000000000004E+01      0.470579750164658523E-03
      0.254800000000000004E+01      0.470949557491015937E-03
      0.255200000000000005E+01      0.471319074658489723E-03
      0.255600000000000005E+01      0.471688302349004991E-03
      0.256000000000000005E+01      0.472057241241819825E-03
      0.256400000000000006E+01      0.472425892013539968E-03
      0.256800000000000006E+01      0.472794255338133572E-03
      0.257200000000000006E+01      0.473162331886945126E-03
      0.257600000000000007E+01      0.473530122328709826E-03
      0.258000000000000007E+01      0.473897627329568046E-03
      0.258400000000000007E+01      0.474264847553079218E-03
      0.258800000000000008E+01      0.474631783660235706E-03
      0.259200000000000008E+01      0.474998436309476797E-03
      0.259600000000000009E+01      0.475364806156702575E-03
      0.260000000000000009E+01      0.475730893855287422E-03
      0.260400000000000009E+01      0.476096700056093732E-03
      0.260800000000000010E+01      0.476462225407485299E-03
      0.261200000000000010E+01      0.476827470555341091E-03
      0.261600000000000010E+01      0.477192436143067985E-03
      0.262000000000000011E+01      0.477557122811614267E-03
      0.262400000000000011E+01      0.477921531199483238E-03
      0.262800000000000011E+01      0.478285661942745197E-03
      0.263200000000000012E+01      0.478649515675051316E-03
      0.263600000000000012E+01      0.479013093027646326E-03
      0.264000000000000012E+01      0.479376394629380767E-03
      0.264400000000000013E+01      0.479739421106724492E-03
      0.264800000000000013E+01      0.480102173083778530E-03
      0.265200000000000014E+01      0.480464651182288104E-03
      0.265600000000000014E+01      0.480826856021654718E-03
      0.266000000000000014E+01      0.481188788218948839E-03
      0.266400000000000015E+01      0.481550448388921826E-03
      0.266800000000000015E+01      0.481911837144018509E-03
      0.267200000000000015E+01      0.482272955094388729E-03
      0.267600000000000016E+01      0.482633802847899976E-03
      0.268000000000000016E+01      0.482994381010148932E-03
      0.268400000000000016E+01      0.483354690184473342E-03
      0.268800000000000017E+01      0.483714730971964053E-03
      0.269200000000000017E+01      0.484074503971476287E-03
      0.269600000000000017E+01      0.484434009779641890E-03
      0.270000000000000018E+01      0.484793248990880124E-03
      0.270400000000000018E+01      0.485152222197409702E-03
      0.270800000000000018E+01      0.485510929989259950E-03
      0.271200000000000019E+01      0.485869372954282250E-03
      0.271600000000000019E+01      0.486227551678160936E-03
      0.272000000000000020E+01      0.486585466744425110E-03
      0.272400000000000020E+01      0.486943118734458886E-03
      0.272800000000000020E+01      0.487300508227513161E-03
      0.273200000000000021E+01      0.487657635800716176E-03
      0.273600000000000021E+01      0.488014502029084421E-03
      0.274000000000000021E+01      0.488371107485533525E-03
      0.274400000000000022E+01      0.488727452740888939E-03
      0.274800000000000022E+01      0.489083538363896723E-03
      0.275200000000000022E+01      0.489439364921233681E-03
      0.275600000000000023E+01      0.489794932977518477E-03
      0.276000000000000023E+01      0.490150243095321828E-03
      0.276400000000000023E+01      0.490505295835176906E-03
      0.276800000000000024E+01      0.490860091755589427E-03
      0.277200000000000024E+01      0.491214631413048491E-03
      0.277600000000000025E+01      0.491568915362035797E-03
      0.278000000000000025E+01      0.491922944155037027E-03
      0.278400000000000025E+01      0.492276718342550741E-03
      0.278800000000000026E+01      0.492630238473098885E-03
      0.279200000000000026E+01      0.492983505093236882E-03
      0.279600000000000026E+01      0.493336518747563278E-03
      0.280000000000000027E+01      0.493689279978729283E-03
      0.280400000000000027E+01      0.494041789327448965E-03
      0.280800000000000027E+01      0.494394047332508677E-03
      0.281200000000000028E+01      0.494746054530776605E-03
      0.281599999999999984E+01      0.495097811457212412E-03
      0.281999999999999984E+01      0.495449318644876889E-03
      0.282399999999999984E+01      0.495800576624941063E-03
      0.282799999999999985E+01      0.496151585926695739E-03
      0.283199999999999985E+01      0.496502347077560822E-03
      0.283599999999999985E+01      0.496852860603094423E-03
      0.283999999999999986E+01      0.497203127027002079E-03
      0.284399999999999986E+01      0.497553146871146401E-03
      0.284799999999999986E+01      0.497902920655554984E-03
      0.285199999999999987E+01      0.498252448898430607E-03
      0.285599999999999987E+01      0.498601732116159572E-03
      0.285999999999999988E+01      0.498950770823320604E-03
      0.286399999999999988E+01      0.499299565532694166E-03
      0.286799999999999988E+01      0.499648116755270488E-03
      0.287199999999999989E+01      0.499996425000259108E-03
      0.287599999999999989E+01      0.500344490775096891E-03
      0.287999999999999989E+01      0.500692314585457141E-03
      0.288399999999999990E+01      0.501039896935257727E-03
      0.288799999999999990E+01      0.501387238326669979E-03
      0.289199999999999990E+01      0.501734339260127035E-03
      0.289599999999999991E+01      0.502081200234332187E-03
      0.289999999999999991E+01      0.502427821746267230E-03
      0.290399999999999991E+01      0.502774204291200921E-03
      0.290799999999999992E+01      0.503120348362696892E-03
      0.291199999999999992E+01      0.503466254452622432E-03
      0.291599999999999993E+01      0.503811923051156185E-03
      0.291999999999999993E+01      0.504157354646796174E-03
      0.292399999999999993E+01      0.504502549726368365E-03
      0.292799999999999994E+01      0.504847508775034038E-03
      0.293199999999999994E+01      0.505192232276298358E-03
      0.293599999999999994E+01      0.505536720712017741E-03
      0.293999999999999995E+01      0.505880974562408314E-03
      0.294399999999999995E+01      0.506224994306052854E-03
      0.294799999999999995E+01      0.506568780419909570E-03
      0.295199999999999996E+01      0.506912333379319039E-03
      0.295599999999999996E+01      0.507255653658012125E-03
      0.295999999999999996E+01      0.507598741728117892E-03
      0.296399999999999997E+01      0.507941598060170541E-03
      0.296799999999999997E+01      0.508284223123117544E-03
      0.297199999999999998E+01      0.508626617384326800E-03
      0.297599999999999998E+01      0.508968781309594438E-03
      0.297999999999999998E+01      0.509310715363151434E-03
      0.298399999999999999E+01      0.509652420007671849E-03
      0.298799999999999999E+01      0.509993895704279662E-03
      0.299199999999999999E+01      0.510335142912556028E-03
      0.299600000000000000E+01      0.510676162090546661E-03
      0.300000000000000000E+01      0.511016953694768870E-03
      0.300400000000000000E+01      0.511357518180218938E-03
      0.300800000000000001E+01      0.511697856000378629E-03
      0.301200000000000001E+01      0.512037967607222987E-03
      0.301600000000000001E+01      0.512377853451226849E-03
      0.302000000000000002E+01      0.512717513981371777E-03
      0.302400000000000002E+01      0.513056949645153328E-03
      0.302800000000000002E+01      0.513396160888587882E-03
      0.303200000000000003E+01      0.513735148156218820E-03
      0.303600000000000003E+01      0.514073911891124225E-03
      0.304000000000000004E+01      0.514412452534923278E-03
      0.304400000000000004E+01      0.514750770527782654E-03
      0.304800000000000004E+01      0.515088866308423894E-03
      0.305200000000000005E+01      0.515426740314129045E-03
      0.305600000000000005E+01      0.515764392980748465E-03
      0.306000000000000005E+01      0.516101824742706459E-03
      0.306400000000000006E+01      0.516439036033008005E-03
      0.306800000000000006E+01      0.516776027283245691E-03
      0.307200000000000006E+01      0.517112798923605459E-03
      0.307600000000000007E+01      0.517449351382873548E-03
      0.308000000000000007E+01      0.517785685088442563E-03
      0.308400000000000007E+01      0.518121800466318089E-03
      0.308800000000000008E+01      0.518457697941124545E-03
      0.309200000000000008E+01      0.518793377936112125E-03
      0.309600000000000009E+01      0.519128840873162218E-03
      0.310000000000000009E+01      0.519464087172794237E-03
      0.310400000000000009E+01      0.519799117254171258E-03
      0.310800000000000010E+01      0.520133931535106636E-03
      0.311200000000000010E+01      0.520468530432069637E-03
      0.311600000000000010E+01      0.520802914360192167E-03
      0.312000000000000011E+01      0.521137083733273429E-03
      0.312400000000000011E+01      0.521471038963787731E-03
      0.312800000000000011E+01      0.521804780462888714E-03
      0.313200000000000012E+01      0.522138308640416400E-03
      0.313600000000000012E+01      0.522471623904902723E-03
      0.314000000000000012E+01      0.522804726663576944E-03
      0.314400000000000013E+01      0.523137617322372165E-03
      0.314800000000000013E+01      0.523470296285930632E-03
      0.315200000000000014E+01      0.523802763957609599E-03
      0.315600000000000014E+01      0.524135020739487176E-03
      0.316000000000000014E+01      0.524467067032367644E-03
      0.316400000000000015E+01      0.524798903235787310E-03
      0.316800000000000015E+01      0.525130529748020470E-03
      0.317200000000000015E+01      0.525461946966084177E-03
      0.317600000000000016E+01      0.525793155285744643E-03
      0.318000000000000016E+01      0.526124155101522113E-03
      0.318400000000000016E+01      0.526454946806696722E-03
      0.318800000000000017E+01      0.526785530793313591E-03
      0.319200000000000017E+01      0.527115907452188788E-03
      0.319600000000000017E+01      0.527446077172914209E-03
      0.320000000000000018E+01      0.527776040343863107E-03
      0.320400000000000018E+01      0.528105797352195730E-03
      0.320800000000000018E+01      0.528435348583863873E-03
      0.321200000000000019E+01      0.528764694423616952E-03
      0.321600000000000019E+01      0.529093835255006880E-03
      0.322000000000000020E+01      0.529422771460393059E-03
      0.322400000000000020E+01      0.529751503420948229E-03
      0.322800000000000020E+01      0.530080031516662808E-03
      0.323200000000000021E+01      0.530408356126350531E-03
      0.323600000000000021E+01      0.530736477627653542E-03
      0.324000000000000021E+01      0.531064396397047276E-03
      0.324400000000000022E+01      0.531392112809845338E-03
      0.324800000000000022E+01      0.531719627240205247E-03
      0.325200000000000022E+01      0.532046940061132231E-03
      0.325600000000000023E+01      0.532374051644485626E-03
      0.326000000000000023E+01      0.532700962360982346E-03
      0.326400000000000023E+01      0.533027672580202948E-03
      0.326800000000000024E+01      0.533354182670595870E-03
      0.327200000000000024E+01      0.533680492999482410E-03
      0.327600000000000025E+01      0.534006603933061827E-03
      0.328000000000000025E+01      0.534332515836415567E-03
      0.328400000000000025E+01      0.534658229073512467E-03
      0.328800000000000026E+01      0.534983744007213637E-03
      0.329200000000000026E+01      0.535309060999276574E-03
      0.329600000000000026E+01      0.535634180410360372E-03
      0.330000000000000027E+01      0.535959102600030274E-03
      0.330400000000000027E+01      0.536283827926762225E-03
      0.330800000000000027E+01      0.536608356747947423E-03
      0.331200000000000028E+01      0.536932689419897203E-03
      0.331600000000000028E+01      0.537256826297847047E-03
      0.332000000000000028E+01      0.537580767735962002E-03
      0.332400000000000029E+01      0.537904514087340262E-03
      0.332800000000000029E+01      0.538228065704018260E-03
      0.333199999999999985E+01      0.538551422936974682E-03
      0.333599999999999985E+01      0.538874586136135671E-03
      0.333999999999999986E+01      0.539197555650378405E-03
      0.334399999999999986E+01      0.539520331827535648E-03
      0.334799999999999986E+01      0.539842915014400741E-03
      0.335199999999999987E+01      0.540165305556731179E-03
      0.335599999999999987E+01      0.540487503799253486E-03
      0.335999999999999988E+01      0.540809510085667232E-03
      0.336399999999999988E+01      0.541131324758649260E-03
      0.336799999999999988E+01      0.541452948159858128E-03
      0.337199999999999989E+01      0.541774380629938342E-03
      0.337599999999999989E+01      0.542095622508524471E-03
      0.337999999999999989E+01      0.542416674134245163E-03
      0.338399999999999990E+01      0.542737535844727914E-03
      0.338799999999999990E+01      0.543058207976602212E-03
      0.339199999999999990E+01      0.543378690865504847E-03
      0.339599999999999991E+01      0.543698984846082952E-03
      0.339999999999999991E+01      0.544019090251998878E-03
      0.340399999999999991E+01      0.544339007415933556E-03
      0.340799999999999992E+01      0.544658736669591270E-03
      0.341199999999999992E+01      0.544978278343702795E-03
      0.341599999999999993E+01      0.545297632768030390E-03
      0.341999999999999993E+01      0.545616800271370942E-03
      0.342399999999999993E+01      0.545935781181560191E-03
      0.342799999999999994E+01      0.546254575825476851E-03
      0.343199999999999994E+01      0.546573184529046407E-03
      0.343599999999999994E+01      0.546891607617244584E-03
      0.343999999999999995E+01      0.547209845414102112E-03
      0.344399999999999995E+01      0.547527898242707663E-03
      0.344799999999999995E+01      0.547845766425212178E-03
      0.345199999999999996E+01      0.548163450282832670E-03
      0.345599999999999996E+01      0.548480950135855471E-03
      0.345999999999999996E+01      0.548798266303641004E-03
      0.346399999999999997E+01      0.549115399104626711E-03
      0.346799999999999997E+01      0.549432348856330739E-03
      0.347199999999999998E+01      0.549749115875356386E-03
      0.347599999999999998E+01      0.550065700477395136E-03
      0.347999999999999998E+01      0.550382102977230343E-03
      0.348399999999999999E+01      0.550698323688741573E-03
      0.348799999999999999E+01      0.551014362924907202E-03
      0.349199999999999999E+01      0.551330220997808752E-03
      0.349600000000000000E+01      0.551645898218634367E-03
      0.350000000000000000E+01      0.551961394897682272E-03
      0.350400000000000000E+01      0.552276711344364471E-03
      0.350800000000000001E+01      0.552591847867209989E-03
      0.351200000000000001E+01      0.552906804773868892E-03
      0.351600000000000001E+01      0.553221582371115099E-03
      0.352000000000000002E+01      0.553536180964850507E-03
      0.352400000000000002E+01      0.553850600860108350E-03
      0.352800000000000002E+01      0.554164842361056236E-03
      0.353200000000000003E+01      0.554478905771000155E-03
      0.353600000000000003E+01      0.554792791392387302E-03
      0.354000000000000004E+01      0.555106499526809979E-03
      0.354400000000000004E+01      0.555420030475008738E-03
      0.354800000000000004E+01      0.555733384536875635E-03
      0.355200000000000005E+01      0.556046562011458024E-03
      0.355600000000000005E+01      0.556359563196961266E-03
      0.356000000000000005E+01      0.556672388390752528E-03
      0.356400000000000006E+01      0.556985037889363922E-03
      0.356800000000000006E+01      0.557297511988495654E-03
      0.357200000000000006E+01      0.557609810983019597E-03
      0.357600000000000007E+01      0.557921935166982006E-03
      0.358000000000000007E+01      0.558233884833607527E-03
      0.358400000000000007E+01      0.558545660275301691E-03
      0.358800000000000008E+01      0.558857261783654385E-03
      0.359200000000000008E+01      0.559168689649443208E-03
      0.359600000000000009E+01      0.559479944162636299E-03
      0.360000000000000009E+01      0.559791025612395798E-03
      0.360400000000000009E+01      0.560101934287080667E-03
      0.360800000000000010E+01      0.560412670474250162E-03
      0.361200000000000010E+01      0.560723234460666761E-03
      0.361600000000000010E+01      0.561033626532298976E-03
      0.362000000000000011E+01      0.561343846974325048E-03
      0.362400000000000011E+01      0.561653896071135435E-03
      0.362800000000000011E+01      0.561963774106336066E-03
      0.363200000000000012E+01      0.562273481362751486E-03
      0.363600000000000012E+01      0.562583018122427675E-03
      0.364000000000000012E+01      0.562892384666635083E-03
      0.364400000000000013E+01      0.563201581275871773E-03
      0.364800000000000013E+01      0.563510608229866134E-03
      0.365200000000000014E+01      0.563819465807580025E-03
      0.365600000000000014E+01      0.564128154287211808E-03
      0.366000000000000014E+01      0.564436673946198844E-03
      0.366400000000000015E+01      0.564745025061220746E-03
      0.366800000000000015E+01      0.565053207908202413E-03
      0.367200000000000015E+01      0.565361222762316416E-03
      0.367600000000000016E+01      0.565669069897986143E-03
      0.368000000000000016E+01      0.565976749588889159E-03
      0.368400000000000016E+01      0.566284262107958833E-03
      0.368800000000000017E+01      0.566591607727388348E-03
      0.369200000000000017E+01      0.566898786718632872E-03
      0.369600000000000017E+01      0.567205799352412591E-03
      0.370000000000000018E+01      0.567512645898715314E-03
      0.370400000000000018E+01      0.567819326626799398E-03
      0.370800000000000018E+01      0.568125841805196567E-03
      0.371200000000000019E+01      0.568432191701714407E-03
      0.371600000000000019E+01      0.568738376583439184E-03
      0.372000000000000020E+01      0.569044396716738773E-03
      0.372400000000000020E+01      0.569350252367265149E-03
      0.372800000000000020E+01      0.569655943799957099E-03
      0.373200000000000021E+01      0.569961471279042823E-03
      0.373600000000000021E+01      0.570266835068042972E-03
      0.374000000000000021E+01      0.570572035429772599E-03
      0.374400000000000022E+01      0.570877072626344842E-03
      0.374800000000000022E+01      0.571181946919172446E-03
      0.375200000000000022E+01      0.571486658568971014E-03
      0.375600000000000023E+01      0.571791207835761501E-03
      0.376000000000000023E+01      0.572095594978872706E-03
      0.376400000000000023E+01      0.572399820256943876E-03
      0.376800000000000024E+01      0.572703883927927308E-03
      0.377200000000000024E+01      0.573007786249091276E-03
      0.377600000000000025E+01      0.573311527477021439E-03
      0.378000000000000025E+01      0.573615107867624747E-03
      0.378400000000000025E+01      0.573918527676131173E-03
      0.378800000000000026E+01      0.574221787157096208E-03
      0.379200000000000026E+01      0.574524886564403573E-03
      0.379600000000000026E+01      0.574827826151267708E-03
      0.380000000000000027E+01      0.575130606170236270E-03
      0.380400000000000027E+01      0.575433226873192194E-03
      0.380800000000000027E+01      0.575735688511356722E-03
      0.381200000000000028E+01      0.576037991335291472E-03
      0.381600000000000028E+01      0.576340135594900814E-03
      0.382000000000000028E+01      0.576642121539434481E-03
      0.382400000000000029E+01      0.576943949417489947E-03
      0.382800000000000029E+01      0.577245619477014817E-03
      0.383200000000000029E+01      0.577547131965308884E-03
      0.383600000000000030E+01      0.577848487129026841E-03
      0.383999999999999986E+01      0.578149685214180884E-03
      0.384399999999999986E+01      0.578450726466142227E-03
      0.384799999999999986E+01      0.578751611129644356E-03
      0.385199999999999987E+01      0.579052339448784550E-03
      0.385599999999999987E+01      0.579352911667026693E-03
      0.385999999999999988E+01      0.579653328027203668E-03
      0.386399999999999988E+01      0.579953588771519083E-03
      0.386799999999999988E+01      0.580253694141550204E-03
      0.387199999999999989E+01      0.580553644378249472E-03
      0.387599999999999989E+01      0.580853439721947537E-03
      0.387999999999999989E+01      0.581153080412355320E-03
      0.388399999999999990E+01      0.581452566688565636E-03
      0.388799999999999990E+01      0.581751898789056128E-03
      0.389199999999999990E+01      0.582051076951691101E-03
      0.389599999999999991E+01      0.582350101413724132E-03
      0.389999999999999991E+01      0.582648972411799692E-03
      0.390399999999999991E+01      0.582947690181955750E-03
      0.390799999999999992E+01      0.583246254959625724E-03
      0.391199999999999992E+01      0.583544666979640865E-03
      0.391599999999999993E+01      0.583842926476232428E-03
      0.391999999999999993E+01      0.584141033683033294E-03
      0.392399999999999993E+01      0.584438988833080797E-03
      0.392799999999999994E+01      0.584736792158818447E-03
      0.393199999999999994E+01      0.585034443892098219E-03
      0.393599999999999994E+01      0.585331944264182386E-03
      0.393999999999999995E+01      0.585629293505746020E-03
      0.394399999999999995E+01      0.585926491846878723E-03
      0.394799999999999995E+01      0.586223539517087121E-03
      0.395199999999999996E+01      0.586520436745296275E-03
      0.395599999999999996E+01      0.586817183759852389E-03
      0.395999999999999996E+01      0.587113780788524656E-03
      0.396399999999999997E+01      0.587410228058506774E-03
      0.396799999999999997E+01      0.587706525796420198E-03
      0.397199999999999998E+01      0.588002674228314793E-03
      0.397599999999999998E+01      0.588298673579671543E-03
      0.397999999999999998E+01      0.588594524075404719E-03
      0.398399999999999999E+01      0.588890225939863615E-03
      0.398799999999999999E+01      0.589185779396834172E-03
      0.399199999999999999E+01      0.589481184669541584E-03
      0.399600000000000000E+01      0.589776441980652136E-03
      0.400000000000000000E+01      0.590071551552274727E-03
